189.5467796,193.2516246,186.6557658,188.9058618,174.0929011,196.7563392,184.2315022,188.329376,176.1700023,187.9808321,185.6695584,182.8220581,177.2463805,194.6457155,179.9450104,184.1891725,188.6823582,186.384112,170.7517104,185.4028821,182.9364594,200.8157705,179.7498465,183.2645566,180.3613927,195.5799011,175.6624909,189.1388665,178.2283948,190.6157725,174.3203213,186.3859049,191.5303387,189.5427107,175.9784091,183.3135756,188.0086874,191.0019155,189.2109534,191.9744165,180.3898121,185.1904179,188.0894202,196.2246426,180.7915074,200.4444457,171.9566546,190.2303896,193.4250835,182.7329424
176.6615847,180.8224879,175.2406755,192.1985849,184.492521,195.4222433,168.3854398,184.2667924,192.8924887,189.1275111,168.0538712,201.0905109,179.8770076,199.1695848,168.2715515,196.5961085,180.2314486,194.9793005,190.0646873,195.2519775,180.9689299,184.6689976,181.500505,184.9108333,190.9464173,192.4002986,181.6103413,191.500765,182.2155264,201.1477874,175.2590891,196.4092483,162.226283,194.206432,194.7424272,184.3626601,189.6085361,178.2155052,174.0836074,179.9783608,194.8746644,182.7164123,177.8661137,176.9464422,177.9005781,188.9072497,187.167482,182.1344353,178.2844542,192.1810856
187.7071709,187.3799055,174.2757971,195.5162546,190.1449289,172.9268359,193.3876694,185.7383318,193.6678597,187.7820007,183.5665604,193.8486285,179.7685321,191.6827432,173.9325146,187.2767574,175.9511555,192.2187408,185.6212098,188.0644142,178.7561859,182.9938612,179.4102801,190.8506988,175.247627,186.813928,171.5858597,195.4035306,180.1472135,191.0505368,184.1558689,189.0525801,181.7869159,186.4499455,184.6413753,180.5187969,180.1883851,185.2643869,186.7614705,182.8815079,186.2841561,187.0735255,195.6736479,179.1098466,188.7409281,180.9579197,187.8385442,181.336477,179.771063,178.2889529
180.8090082,200.4759172,192.0227767,178.5594044,183.8192547,187.9217784,175.8148028,193.322794,177.3416189,184.6912872,177.3522068,198.6416444,167.9222224,198.6752916,188.1745512,192.6585748,181.6386676,175.9691972,179.5766263,192.1797868,177.2005898,194.588068,198.4168473,185.8483699,180.8393966,180.8392278,196.7887551,189.4096258,167.9931275,193.9583416,177.8450372,191.9027887,186.9414215,189.8689793,174.1124414,198.2983147,177.3984731,200.7031173,180.052482,193.5248365,179.6618037,184.3246149,177.9190818,201.3743363,178.5729734,185.2611525,193.3223076,182.5920305,205.2550847,191.9687928
175.691205,187.6004914,175.2335874,175.0630574,180.7085102,193.6399782,180.0522854,181.6297103,169.523995,198.7755413,171.9923613,192.97762,165.7178657,193.625865,166.5495856,189.9366289,186.8069376,194.2456484,187.6977425,187.8712461,190.9573478,182.6842864,183.250917,180.7585136,184.7694892,189.3491871,180.165301,193.9906019,171.1074098,191.5179386,170.514886,194.6477393,175.9469071,188.7249671,175.061233,197.2965557,187.6927883,173.8466169,188.8327105,189.7976307,182.3026118,180.0004156,177.8586609,196.4368599,180.4083894,180.3300082,178.1715897,185.1656002,167.402845,182.5541482
190.8368639,194.4941116,194.0009419,197.8626999,188.6985696,203.0339228,187.1591075,204.2582125,177.7166832,198.5743586,173.6338202,204.1167062,186.2008537,203.9707185,188.9309309,184.2228726,187.7458199,185.4919554,172.3426709,192.1994464,174.3961308,184.7268832,189.2533996,191.9731668,186.7806595,195.0431637,175.0638159,196.6908752,191.968404,198.5489204,182.3369745,186.4241358,190.9941984,188.0995785,181.5464933,181.131861,187.4742827,183.7687349,176.147356,195.3258967,182.0320949,202.9094396,178.3684436,183.5455092,196.351908,193.4909162,192.2100215,196.4863008,194.9446758,179.372335
181.2934119,178.7070941,172.4127128,183.7488458,175.8862775,172.6777701,167.1743101,188.0659254,177.4519918,192.5124795,180.3175214,194.9232563,175.1101314,175.0114112,186.0387513,176.3149837,165.9927408,191.3337399,183.3850038,192.8632622,179.5827435,177.5735307,187.4834273,178.3108027,170.2288764,184.7072825,182.4687069,179.9337104,167.552509,183.4103497,185.5476991,180.7559978,183.1196414,187.4496391,186.5976699,181.9197437,188.5654516,174.6832806,183.2437407,183.4733407,173.4314536,183.7478935,182.2066912,182.5694624,168.188728,185.1023007,163.784222,185.6079122,188.6144393,181.9644548
188.9926491,184.8060787,196.9974742,182.1661169,182.4573971,206.0004713,169.8083206,201.507911,176.910507,195.2556169,174.9165431,182.6016393,179.1579818,184.6026695,191.4331119,206.1326793,186.4436592,197.1615111,190.6708506,186.6503668,192.3577936,190.9699157,180.120988,201.0928248,175.2470145,203.9414617,177.9210788,205.6381247,181.9053504,200.383379,188.3751276,191.7507452,175.4392256,196.437284,182.5039042,194.19552,188.7062173,192.4338023,192.3995805,197.7662748,191.5354487,190.0493835,194.9381798,186.550433,189.4461759,191.2479058,203.9926733,176.1443649,176.9200338,202.5396739
191.9814493,171.684495,178.354845,189.1129361,182.3140404,181.9471368,185.0276178,193.7566631,174.5721285,187.5424,182.0929814,193.4857763,183.4377865,190.4180221,174.1937762,185.9522334,169.2551412,191.1681577,162.3070184,195.0127168,174.5746016,186.3725811,182.799087,192.5873742,174.4194067,185.1919919,184.7503245,176.6621438,184.8692937,173.0786388,167.420325,189.1408381,180.1290962,191.1283183,164.8926831,178.2490862,184.4804956,191.6685044,168.6862916,186.2818566,176.7339532,175.6013028,174.5764632,179.6106634,183.701075,182.690758,183.8493781,191.1465783,179.9770731,171.8327724
183.3277844,199.6787815,185.5887586,191.8806628,188.0781086,202.8137219,171.7379899,201.7626107,180.1537547,194.8309165,180.4017609,179.4656738,193.653116,201.4308883,169.5640458,193.2917061,182.7774323,204.7139957,178.3753092,185.0191337,185.4452045,190.5618047,173.9361326,199.0381106,183.2022053,199.8373784,172.4102379,188.928968,196.8299739,192.7983944,186.7150582,198.3804422,188.1563509,196.4470374,195.3879362,191.0712157,181.0546839,190.947968,180.6265436,183.9815449,192.6719428,188.0402615,200.4473507,204.4316808,179.3418623,189.2045886,185.5472036,178.4197148,197.0748981,190.883292
185.2732521,172.5779402,183.4062438,173.1490029,174.0748981,192.7616446,158.7527555,185.9624278,175.2068855,178.517099,179.3143984,194.3101545,171.2345705,171.7916222,184.2233129,191.0414282,167.480378,187.0195006,187.5910148,192.6797477,174.9403639,195.6199299,170.8874253,175.1035255,174.0619211,189.1934334,170.21883,195.9900852,174.0854513,190.7631512,175.3689901,182.4134582,171.3551885,190.5975117,162.0858936,200.2729453,169.6913703,190.7544956,189.792574,186.0955989,176.108635,187.6382271,176.5999538,175.3995882,165.9436391,190.5764917,185.5608006,168.765194,188.3200743,182.4177598
194.8252118,187.4959323,189.0790809,198.0860061,182.3911205,199.8651145,173.8087782,206.7349805,189.8252315,201.7726797,185.6571431,193.3713208,192.7663515,188.9864227,184.2513502,204.1501081,178.2324848,197.6643296,172.3089277,196.273174,181.8087464,192.7084492,197.8000722,185.4095695,193.2894001,209.1620758,176.9209757,185.2072638,177.3103843,196.9686469,178.7102058,190.2921153,191.8539869,188.2703792,192.5177111,185.9536662,182.2477651,199.6987815,184.0449476,182.9213939,182.7963054,200.9853816,185.0554009,183.8872008,189.0904402,206.9339807,191.2221843,190.9407623,176.2449442,194.2220874
186.9301439,179.7807196,177.3447669,182.6779179,184.710166,182.0025442,182.8650387,195.6623963,167.6454926,178.8748563,172.3582933,173.0920223,183.7368865,185.1020159,179.8456616,176.1893147,187.494789,178.7512216,176.9515353,182.7067502,170.3528218,193.0496025,174.5878449,177.0095621,177.0930304,177.2367262,171.4848994,191.6590867,178.4891894,191.5432143,178.3353497,180.8824996,170.6279148,197.144595,176.3360282,181.7200219,186.4340319,183.4722046,174.8282977,178.857203,182.0625697,191.3277325,163.8445952,198.1121859,178.7896947,174.6922823,167.8207439,185.5256399,179.9959452,180.7669065
186.7063133,185.0964728,173.1580434,204.9245092,181.656855,192.6746673,173.2937078,190.7075516,194.515089,206.7956274,177.8534295,194.5564544,200.9300411,188.7645412,176.6147909,199.6281109,185.3410115,197.9244471,191.4740225,193.9298354,185.8115764,201.2356748,188.132693,185.7123633,193.0984029,206.3720359,195.6986252,189.3534874,196.7194607,181.5722399,190.9998621,193.5485924,189.3067268,188.2204528,187.4488863,186.2640932,180.6470813,194.0327989,193.8310247,191.6592666,183.3706416,189.5526033,187.1502973,206.4790419,171.6989417,195.3452295,199.6102744,189.2481597,198.9408374,187.0611706
183.5038024,186.0475312,174.35031,188.8451991,190.7105053,184.6079949,166.6181494,172.3792571,185.9992045,176.7267735,166.449326,191.6546058,171.1709814,183.3972489,177.2289791,181.5110948,173.3321604,190.8455174,181.2839806,178.5145528,168.8633124,185.2358994,179.1487891,179.3336918,159.1219704,196.3284854,161.4995468,169.7916473,166.8101093,192.2718074,176.967286,182.3753628,180.0184137,181.3471872,191.0266812,178.3161799,186.1759014,187.8963208,170.2802675,181.9860778,177.463294,176.3938376,181.7913879,179.6342654,165.0387475,198.4326963,175.0439126,173.2228429,180.9955952,180.5689406
202.7886022,179.6999137,180.7492942,198.9160381,191.7162346,184.3057322,195.1053067,203.317693,196.554191,185.6065972,188.9199818,201.3010494,195.5910885,191.1797789,186.3387453,200.0718882,185.0401695,182.6101028,185.4920371,189.8333166,189.8278002,195.0475524,185.4129165,203.7493981,178.5290111,194.2162825,199.1118067,205.8957731,190.9543149,195.4514356,186.7841748,185.7351995,187.3825882,199.1350622,175.9454492,189.8328569,178.1087274,191.4152111,188.7221791,206.9685783,192.5329787,196.8591213,185.2006758,197.2981288,181.9400975,197.7459721,194.8746528,179.6617223,186.4481887,192.6608492
183.1808485,169.1866448,175.809578,186.7821556,159.1637184,189.7652508,166.7206503,186.0304353,177.5198629,180.6021143,177.0452555,173.7768945,163.8479993,196.6578863,165.0356833,189.3649101,173.0445943,192.6635537,163.2704951,199.4253849,178.9304145,191.9931512,169.7506915,179.0991567,190.5166976,177.1565146,168.8729282,193.9365137,167.7262206,188.2756826,174.0376813,192.0338711,159.4165986,187.5725752,177.446148,193.4719384,170.7231983,186.992042,180.481486,171.5357761,171.6577355,181.6254423,177.0450271,194.0393188,173.9889879,179.8528136,178.7409732,184.7158007,179.9182154,182.6969861
187.5573575,203.0340141,198.0237145,188.1506338,193.7334242,206.7294015,181.2821094,196.4304737,182.7964963,205.6317317,177.2770978,206.0803616,184.6298623,202.6924915,185.630367,190.4995696,194.082505,205.2950416,192.753103,183.6176136,178.2936196,192.6532832,189.9674025,183.6407452,198.3316509,188.3349234,176.7327256,189.5455839,177.8555416,192.5793802,192.0439464,190.2692433,192.1483229,201.1864912,184.7098762,200.3271507,189.4730031,194.3703001,187.9559111,193.6146966,180.8709326,190.9232117,190.9704169,185.1730787,177.3791017,200.5026289,180.6701106,197.0494492,206.4093725,177.1176418
182.3625968,166.4375452,176.8626307,187.1373581,180.8886415,180.0790268,168.5636879,183.497086,167.0054962,176.6387908,189.7912782,177.0846466,177.3981592,191.6889726,162.1910996,195.7553626,165.0152163,180.7018059,186.8005845,179.2641845,180.8752377,187.1346526,184.6349876,173.8311439,164.9720622,199.8318478,180.4478455,193.3465921,169.2489535,199.5312027,163.4441626,196.0852525,168.4350695,183.2425454,174.718387,177.7318011,161.0302883,190.3856678,172.0282781,189.6824633,180.5193092,190.7576604,167.3702,194.3292018,186.1277131,182.6179407,180.6390685,168.849757,171.0178853,185.9263476
203.8643508,176.5999599,184.2915763,195.768898,181.2113272,204.0571726,174.2663477,206.1986589,198.0871868,198.0659076,175.3908724,183.7447784,188.6122006,186.1775937,193.3656682,188.7542942,179.2920919,188.5669262,179.8568572,184.655682,187.079524,189.8859291,192.7051282,197.9866301,178.8438587,204.5031303,184.4592183,187.1165727,193.9413561,187.9600326,196.404386,189.6998672,178.6880967,199.9146805,191.634085,194.1162748,186.4701179,197.1059989,195.5194074,181.1709785,186.5459911,194.5458386,188.129794,190.6536602,182.8187546,198.8966353,187.7563381,197.8405977,197.3458291,184.8168273
180.9382506,180.5575027,179.872198,180.3306758,161.792911,199.1654444,171.7867736,176.130279,173.4155084,181.0117991,182.178378,195.0943187,173.9169587,188.4921291,176.0446892,187.8890179,185.4631036,179.7382045,179.6396145,201.6929626,169.6508546,180.0201538,184.5225083,174.9854685,190.1353553,169.8647207,174.3097604,185.4293465,172.5906745,183.8766232,176.2345526,181.40347,178.4316114,181.7160804,180.421412,188.4647428,184.1129148,178.4155234,176.465557,193.6528635,168.8889509,186.9238686,172.2587744,180.0218867,174.0208474,186.4070591,176.0680644,176.133258,188.3395538,185.2576112
196.3196182,186.5332008,190.0905548,203.8908965,190.0074085,186.6342608,180.1863982,204.9354729,196.8580272,180.4955294,183.2778101,198.4368762,183.8651136,200.6406418,180.5644564,193.6059226,192.7346044,205.4253738,185.9274094,200.2431925,182.2245044,202.0280366,184.931184,182.8398511,194.5734263,187.4260961,195.1933577,194.7991111,176.5237133,194.789337,183.2211561,198.5649085,187.1152465,182.6351555,179.9699051,192.380515,178.2766184,189.5139126,183.5289537,190.836947,179.8917284,196.8962428,193.2943323,196.9270812,182.6464161,187.9948191,189.3254572,184.3906131,181.8397259,184.409696
172.1146894,176.3123456,178.0656055,174.4069305,187.7204392,193.6904792,164.1287693,174.6258223,181.3035551,196.1845345,162.3385194,191.0596854,182.2561874,173.8912359,176.618634,176.9408145,174.6864242,169.8837734,176.3049574,170.814802,167.1373391,185.8262823,182.4189383,180.9849939,167.9591869,197.3115579,177.908602,188.9960741,180.8147192,194.6484479,173.7825114,184.2264247,179.3036082,185.5711969,186.2261993,184.7252435,174.9898416,184.6749581,189.3855115,184.1880963,174.4796212,192.865549,172.8428175,180.5212385,185.6265934,185.3256358,183.4838413,188.8919734,182.922809,181.9561857
196.7947743,200.1212558,185.7137253,178.8168428,193.0895811,203.3724964,172.7934675,210.089786,186.6700757,180.7353721,190.9489857,180.984239,187.925001,200.3540255,197.0527647,194.1245462,179.0682414,200.116174,190.398931,192.5003534,197.1835428,195.6127547,184.1584701,197.5585554,193.5621687,186.0601664,175.0919128,195.8384481,177.1950216,199.4654949,182.5681213,189.0044492,188.5525798,199.5037524,186.864125,197.686759,184.0776549,191.8601944,188.2742193,194.0726243,182.4185978,183.7901985,194.7541535,194.3227823,170.1894654,204.0916098,184.181048,182.2379296,191.8512639,194.6116823
177.3431099,182.9814021,174.3014023,193.0784141,173.8500019,182.1074123,176.0686586,179.5824405,184.0756552,180.5549356,188.1673227,193.216093,174.5250761,186.8466559,168.7657605,184.9542818,174.9013375,190.3221759,175.6586782,184.6219266,169.8615058,196.0245271,176.2820403,171.7053055,175.9559289,193.1772578,174.7663723,183.6724046,169.3046512,186.0381287,171.0621217,194.6236148,161.9365781,183.3342459,172.1065597,175.6631821,172.1396345,188.970182,170.3357711,189.0430097,178.0482382,184.0883001,175.5090118,195.7060009,167.5312603,174.2567137,186.3387044,179.5142042,178.1232765,170.1832488
195.8590091,185.2756851,196.6234278,182.4768085,178.7920236,198.8095955,185.4867593,187.1029581,192.0903288,189.3198088,175.6719225,197.747327,182.5564495,188.1227233,185.0382563,197.4171476,201.9926896,195.7339986,192.08409,187.645428,186.9816098,189.9973959,180.8639632,193.2707101,187.956418,199.602211,184.354709,195.1183281,195.1418243,196.5445157,186.2448834,197.1286772,183.1584245,197.260745,193.7171431,200.7820664,198.6091662,192.5664095,188.5930422,198.4513115,182.8355667,181.9506163,185.8618231,205.2066043,181.8702758,190.7626173,200.0820092,181.3288953,192.4284012,205.1125562
176.0035668,173.7143287,183.8123008,187.0531802,183.9241676,184.3126687,176.3276941,183.0050906,184.0346624,193.2724905,164.0182574,193.8146535,178.2247075,188.5899397,188.4621956,172.2565331,166.4387397,169.9098665,180.4792755,180.4461727,171.5883377,196.0102326,173.7828792,189.6979709,175.4205083,182.7295156,163.6077724,188.5185698,168.5905539,188.0954588,169.2851709,194.2939883,183.4384096,176.7160079,173.0020876,177.7647344,168.0975048,185.5442333,167.8531255,177.0312127,189.52015,187.2615445,170.1727209,190.4952191,168.9249946,192.8419601,189.5812447,169.9010529,184.9167417,175.9382511
191.2739611,190.4280685,190.8473673,189.4778107,187.3530608,206.3285992,190.2783248,184.9041166,184.0703902,183.0294856,186.2373012,193.1380072,179.0033781,195.946793,182.7524547,191.96089,192.1630743,197.9214017,193.1015758,184.7115077,192.2653663,193.1984958,193.3257848,184.6655421,189.2948835,196.3350981,195.392168,203.312616,182.1606096,200.1239482,182.181378,179.6489423,185.6155783,204.6865916,180.9700086,206.8295178,187.6924923,189.5492458,192.8367794,198.781334,173.2256836,203.3434217,185.7330774,197.1172355,187.6826333,195.3926842,173.887498,192.9284513,190.0890789,183.40449
188.5086042,180.07138,178.4442017,171.7135897,174.8387947,182.3006404,174.0423494,175.0102931,181.9330836,193.2296223,185.5268657,183.3845619,167.3666047,193.1353825,163.1383355,197.8283929,178.3430848,172.0045434,183.5297393,187.4047915,165.6606967,178.475215,181.5485372,183.1198191,178.494124,181.4599508,169.2956441,181.1647171,168.8123663,182.7235817,175.2002164,191.4203383,164.5574484,195.5068457,167.5349966,180.1813057,168.2617737,191.8533524,177.3862767,193.7984061,174.5257734,186.5297704,175.1035735,194.1245156,158.7395267,186.4996243,186.7396463,186.2588974,184.4437312,179.2816243
185.9463633,184.7135364,191.1222743,203.2946286,181.1365189,190.3984796,186.703658,203.9429321,180.6164674,198.6990164,179.4462408,197.1485627,192.9364042,193.7610417,189.3746407,186.3586591,191.5742927,193.2170441,183.3237204,200.1611491,199.6447585,205.19672,172.057988,205.5969517,170.8458459,203.6562222,181.4523032,204.0305085,189.4622951,199.6860498,189.9756426,182.3497891,197.9772743,197.246182,171.3355035,205.4413091,186.0931915,198.4550818,174.3082566,183.20491,170.9713978,202.9963054,171.6686458,193.7787619,178.2328597,202.0352853,181.3213065,185.5078591,184.4082438,198.3408743
177.6624424,187.4918639,172.5538107,196.6313341,174.6900795,200.8011029,171.8431199,184.3875783,173.0281869,180.6494981,166.7575548,189.9063294,167.4241487,191.964564,175.2157595,172.801011,184.7815217,178.793452,180.2353601,175.4044533,165.3748181,188.8765825,178.2521854,178.4531842,173.4382934,197.0744607,167.2196586,175.9067799,165.9190489,189.6371244,181.723592,172.3502092,184.7495106,177.3772227,177.7546007,190.0933035,178.2616589,169.7544248,184.0358987,195.4359358,188.0561402,183.4603116,186.5001288,187.8604047,176.9250897,201.2767736,174.1989685,174.6719694,191.522984,165.4199323
190.6228394,194.6623604,185.0311584,181.6278892,184.1326141,186.626193,179.868825,203.3472817,191.2850936,191.6174015,193.7633091,198.0133621,183.2844912,197.8383743,185.6232,207.619411,181.2200029,187.2946641,195.3659518,197.5089147,178.8177599,190.8939346,186.6525692,206.9544739,190.7619043,183.7771248,198.0190649,198.1230086,189.3261494,188.78895,191.9274048,197.8241914,185.4979361,191.4357347,195.6347345,195.0857122,186.4570028,184.2173251,196.964657,183.6564606,173.0505111,209.8365657,173.6819194,187.6139301,195.6373144,183.7503964,184.792574,192.1867407,198.2993602,195.1619842
176.3644458,184.9235714,186.836399,177.5182029,184.4820869,185.0148866,174.9562939,179.7199456,162.2764178,189.6741935,181.9654635,177.8414594,170.4413165,183.1980435,167.371907,187.9582153,161.6125728,184.9152175,165.8143401,178.0644672,188.8579883,177.2844677,182.3830852,176.1199121,168.7244093,189.164215,163.7742489,187.0949728,181.7434477,181.1402162,164.0240601,182.4770423,183.273374,190.1650423,161.2461664,180.7126182,182.859305,175.3771601,185.2219188,197.3651133,163.6910802,194.1661702,182.990831,173.4027715,174.5796381,191.2880165,168.5137046,191.0011245,175.275342,170.8198997
191.6543841,183.3518567,188.2072801,187.7525341,191.1844502,198.6471948,188.6432288,198.125447,194.0905467,202.7629645,173.2525519,189.2651051,203.1159499,184.5591805,191.9741372,193.3959653,192.0156082,210.2083003,189.4189343,210.0543168,184.0560873,191.7651939,193.91575,189.7910648,180.8721606,202.2467014,193.6646987,184.4633917,189.0850799,200.5034846,174.7853797,211.0071207,173.0202569,192.5354689,186.3278665,205.2425673,187.1613604,185.8549941,187.1866627,197.642444,179.0023559,184.1975448,192.9205732,188.3993979,184.4568154,194.5310621,183.093576,201.3532894,183.5853767,205.770182
184.6550622,184.0585952,182.7094392,177.0241753,179.5379489,166.9571987,180.2727444,191.6298145,168.0162036,187.6362456,186.1033043,179.8565007,183.2275034,177.9000067,181.2361111,188.573223,165.1157698,187.0011585,170.5705001,173.9306371,164.694424,186.8529889,175.6077861,174.123624,186.3978443,195.0660985,164.7185567,181.8749756,163.2101755,192.8271455,181.5383346,189.0772233,165.5551566,196.033138,166.7394374,190.7878182,170.5133365,186.0388563,186.29189,173.1410373,178.4954123,194.901851,183.4777183,186.3412551,169.6036208,185.4529414,186.0195864,182.0049945,171.2896651,170.5837826
190.2370518,183.5133549,192.9762581,200.8291464,192.6844732,195.6259135,183.3814412,184.0087536,182.4175483,188.5221548,181.4252812,195.3066451,195.5508986,184.9650937,188.5867669,199.1268457,181.4755442,204.3119336,179.5318435,200.9783758,187.8719811,197.0517564,189.2174107,199.8845879,173.2105553,194.7724087,180.0664836,201.8319908,193.9812016,196.7877727,176.7123089,197.610062,182.8529724,208.4895789,184.7622032,194.2823653,184.6324978,184.7221077,185.9566623,195.8887758,187.2682932,183.4354678,181.5206516,204.3999035,189.0464014,190.4597106,186.4458049,186.3227103,196.3413199,191.9567207
183.2022184,174.6032333,180.4304542,173.3450467,185.4551499,191.5711328,179.6908519,191.6800872,186.442536,188.7932908,182.7271554,171.7178249,173.1922541,183.9721321,162.8717065,189.9553784,166.036715,193.8807772,159.2979318,193.153169,170.4211246,186.1678991,180.4172583,179.4362614,171.8044678,193.871108,187.077937,178.6274207,177.8767091,178.2699232,173.8001134,187.4170167,174.8178106,180.5498193,162.9315001,187.969571,179.4104568,185.5170865,179.573647,196.2314012,185.6617394,181.5480233,173.4185858,179.042547,183.7442091,181.1550614,172.5756094,179.0377017,184.9365206,177.2656173
186.1599284,196.1795915,186.2271876,183.227068,183.3769668,183.5646297,174.3131439,189.5470188,184.9336859,182.4485266,186.0824516,201.9748081,184.9914757,199.6955375,196.9531283,186.3660224,188.1784076,181.4742164,191.1962316,201.3211396,183.8842979,188.8074643,180.1647536,203.1096228,178.0517031,189.0320576,179.0953373,203.279878,175.1950273,198.7409729,181.0581766,200.3993847,175.1113726,205.890651,185.990193,201.2265432,195.6854561,186.3263008,175.5914439,183.5816526,177.8253233,197.2297103,173.2836015,204.8979834,177.4380585,198.6934822,181.2683299,200.0531701,189.85955,190.8658936
188.6977913,181.7959771,186.9685143,187.9521499,176.6826129,193.1450736,178.9264764,193.2268925,178.4455316,185.4821996,184.0473866,189.2608436,169.0109098,187.592033,173.0422318,184.6163972,180.4078707,198.1438393,179.0369686,184.501865,181.3010474,178.0201617,166.2658221,196.6045512,178.3422323,185.0900137,177.5534294,177.9567931,182.201879,184.5276851,181.0613414,192.7308453,181.2668722,174.0649163,183.7033515,172.2119195,183.5321214,183.4272853,188.2073424,175.8274152,180.0267943,188.3664728,184.7424728,181.4168943,170.0024078,195.1246424,182.3885339,178.321068,187.7371337,176.802426
186.5178768,179.4883091,189.4747646,193.1366086,190.7693791,187.4483485,183.7199552,196.6932605,178.2450171,183.3607723,188.8906362,195.8034611,178.180834,201.9507725,182.3577753,207.4536702,182.1040874,187.9045533,177.555333,191.0756159,178.6205221,205.682326,186.4549608,206.2947507,181.024541,189.6194662,180.5723734,202.8897837,179.7397236,194.1478068,180.2991037,191.3438064,186.7496944,189.2737126,183.7517287,189.0941956,179.2115576,193.9458714,180.1132206,204.3487189,190.1116551,195.639344,184.5182921,199.8056472,173.7601272,204.6358939,181.4309472,181.8750869,182.2430858,186.7022089
181.3380428,188.8565849,173.8133305,178.8891344,183.4420481,174.2705541,184.743286,189.2140056,172.0668794,196.5372763,172.7007192,192.2048917,163.7409493,188.0466353,166.4562503,187.8356649,167.8417631,186.568032,164.8418327,199.7591556,169.5258347,193.1583676,159.0219633,183.5287917,182.0562709,186.3087664,190.2591033,180.7616316,175.0727836,192.1621986,168.7743411,178.909673,188.8871741,182.6710215,183.6926184,188.146237,184.9527764,178.5898255,180.6366902,194.9000536,166.6978681,180.6718007,182.2334432,180.889447,177.2923929,183.1171603,180.8116852,187.2904468,189.8211075,187.6896635
185.9262103,192.2560729,197.3841488,182.5086605,191.4685836,198.6821949,182.8810842,197.3832036,176.7004544,198.5317395,175.6211834,192.109399,189.6661259,198.4025183,184.3061277,180.7509086,194.3212137,190.9789058,198.3570397,185.8602612,187.4242522,203.6589904,178.2626593,199.6641357,176.5165827,188.9148456,178.7099147,194.7069287,190.6692949,201.4549617,174.655929,195.4904529,181.264863,193.7437279,183.1068143,195.9242845,188.3261671,200.3020722,171.8535995,193.7553927,175.6955261,192.9966538,191.9036944,183.3693057,195.0369913,190.3575389,185.2559545,180.9360454,191.8862295,183.8981336
176.4035267,184.6159078,184.9945398,176.8765267,175.6487164,181.194787,179.5116653,178.5145443,179.1414704,191.9629783,177.821658,180.1766883,173.8341979,192.8609007,179.174258,190.9720238,177.9603468,188.6179919,178.7084566,183.4196877,175.1738918,189.3277514,176.0711387,182.0514015,179.9457747,181.4076842,180.6412781,173.396209,166.234254,195.7182138,181.689625,181.3837907,178.8383542,176.1285566,174.9602773,172.967014,168.8762741,181.3836729,179.7297309,185.0661265,181.5620671,188.7851844,182.5455848,180.5123117,173.3980863,177.4227122,189.5794727,179.95325,177.3831573,185.7605243
191.6069018,200.6347486,182.2112087,189.0583693,192.6477225,196.7573371,186.1269299,195.1123547,188.6964829,194.4932443,190.8539141,202.1441229,187.6425048,192.5269224,175.959452,200.6082697,177.646571,203.3385029,172.4320164,199.8285117,180.7063255,183.2341549,196.3757636,186.6337066,204.056118,193.1506897,197.8813901,198.0295734,188.4294745,189.2319933,197.711646,190.2545016,196.5971085,206.9316366,190.2387662,193.093286,194.9369752,203.5137136,177.9508073,210.5486478,172.2917211,201.8447213,169.0872341,203.9289037,181.1971856,202.4426855,188.596237,180.0197164,201.3335024,183.9755503
166.9625609,189.1443686,179.4067672,170.2250117,189.4969289,177.4888593,171.4052674,181.4374128,180.1983769,173.4669643,160.2905066,193.2213987,174.7146798,176.1506249,176.6409082,184.3193989,172.7276261,179.4352672,164.7768436,193.633202,186.163035,173.3301277,178.2354492,186.2915499,165.9308004,174.9398396,173.2841106,189.3422465,176.3261307,185.3078582,170.5177729,174.4873767,177.9778111,180.1033606,169.3053079,189.7509442,178.7399421,181.0168972,171.5607445,169.255001,182.810092,191.8578944,179.312286,183.601112,184.3596673,185.0433028,179.1217816,170.7988637,195.8928322,171.9742914
187.734567,196.3433995,194.1658335,183.9792521,199.0616391,198.3032044,180.5304869,201.9519946,190.2248004,190.3319482,185.4138449,203.8014016,175.4229751,193.0349142,196.470119,192.101706,181.7961299,210.2184226,183.5873234,195.2598005,178.345803,197.7172205,190.6612527,199.0703747,172.2365655,197.4139505,198.2420705,188.1979536,173.6327508,198.9988502,175.4247073,205.3299657,176.0730775,192.0456385,185.6824651,201.9706919,178.9020749,194.8411524,186.0904874,204.7237725,187.7253387,184.7073836,178.7083854,190.7309443,185.7873361,184.3914739,182.4508404,203.0157448,182.8494388,197.7404709
186.3398194,178.0457898,177.4855629,188.54819,169.9831531,175.4370714,177.7276701,191.8720824,183.9927966,182.702342,183.9145694,185.511565,179.9958226,196.3785774,179.6597028,187.0320447,176.6166906,183.247667,185.3610366,202.0485435,169.9732277,187.3610757,179.830576,187.0422331,181.1573376,189.391633,167.3538581,195.5386997,181.1157893,190.0167871,181.6494398,195.4280005,186.2880219,177.7304069,189.5531533,176.0117283,184.0234882,186.3394497,174.1354468,199.7353441,167.772285,191.9611547,177.7983312,188.8448761,184.2262831,188.1739531,168.5985272,189.4429539,183.5701569,184.0750728
195.2026779,180.8314315,177.2346212,193.6322933,182.5015792,201.4153951,173.4687469,187.2459437,168.3223479,199.8025563,181.8495549,195.7180237,166.1775229,197.1362953,170.3911353,182.4096082,182.1230528,186.4060305,172.3226478,187.2196816,170.4792113,189.7471488,182.1288276,187.3034619,189.0566711,180.3592159,184.1195881,191.4997198,169.5951506,205.280972,175.1209764,191.9659208,175.5244878,189.0019524,182.0108586,188.7943765,178.8576621,185.9420885,181.2963165,186.6800408,177.8829137,191.3356197,175.2060691,206.261267,167.9463631,195.4596944,191.3543451,186.692333,178.4545064,181.7889797
184.8759724,179.0814294,194.9624956,190.546684,181.6788134,202.4849705,172.4187555,199.1709606,183.4565502,190.5394569,168.4970274,187.7709564,190.2100545,183.8171091,192.7649573,206.5662143,171.5409366,195.8594143,189.7682725,190.1167347,190.6784585,188.0859379,189.1978191,176.1073829,197.2469905,183.0096245,187.1807393,199.6794911,168.9157965,189.1189259,177.95787,183.7274645,193.201017,179.8573357,185.6455274,201.3369056,182.8328014,185.2494919,194.6963541,183.701097,192.8633167,184.3940372,194.7204924,195.0641507,169.682162,184.3167287,198.2339691,181.1627155,186.937192,188.5571212
188.3318926,184.2503086,181.2282829,190.7201018,168.800774,191.9161489,188.2122545,175.6171458,185.4137099,189.030119,185.1665126,192.0264338,179.6960988,189.2032462,174.8477266,186.0116755,178.1933337,197.0325584,170.5684934,189.2857379,177.0528309,194.6372898,178.1157223,187.448737,174.2240307,197.5052398,169.4869074,196.1222664,180.8268814,196.8841273,180.5221357,190.4934527,176.424989,194.4825096,176.7457009,187.7046225,175.9140192,192.2114564,182.8916627,180.0556196,182.0234935,185.1368504,175.0198175,190.8503561,181.8897079,194.0848835,174.9541698,189.1436044,183.3200284,188.027395
